  N° Paso    Distancia        xCent1        yCent1        zCent1   |       xCent2        yCent2        zCent2 
        1   10.553676    7.27580929   -5.56906796   -1.31463957      -1.06399059    0.75857908    0.02277857
        2   10.330876    7.03584003   -5.47746658   -1.21639204      -1.07307982    0.81866038   -0.06261072
        3   10.081719    6.83654213   -5.38730001   -1.07261443      -1.04015720    0.83961582   -0.16476187
        4    9.770414    6.69945955   -5.28659487   -0.98772997      -0.91315150    0.79178524   -0.23776844
        5    9.549204    6.54636431   -5.22677851   -0.94388002      -0.83783424    0.78660387   -0.23667862
        6    9.307008    6.41012001   -5.18777466   -0.84587651      -0.72609282    0.75988889   -0.28004384
        7    9.135340    6.29457474   -5.13900185   -0.74878204      -0.67785740    0.74958348   -0.34358013
        8    8.984719    6.18149710   -5.09141731   -0.68905151      -0.61966825    0.77405775   -0.43307388
        9    8.922790    6.10681438   -5.09240723   -0.61259502      -0.61123002    0.77783489   -0.45669514
       10    8.858024    6.04269552   -5.03037930   -0.52704000      -0.58106351    0.85095835   -0.51106429
       11    8.789702    5.94993019   -5.03600597   -0.44684350      -0.59246707    0.83258671   -0.57144016
       12    8.652899    5.86652374   -5.02277279   -0.40183601      -0.49569187    0.83933878   -0.57651120
       13    8.560534    5.80821609   -5.01699543   -0.33041248      -0.43759310    0.82608569   -0.69237494
       14    8.451209    5.73352718   -4.99485159   -0.23358649      -0.38923493    0.81065089   -0.71406674
       15    8.456297    5.65151882   -5.01984167   -0.17413801      -0.37638295    0.87865293   -0.79148328
       16    8.474997    5.55637789   -4.99381781   -0.08135600      -0.42694047    0.95300937   -0.89419818
       17    8.376952    5.43748999   -5.00674391    0.03173099      -0.31849927    0.99613863   -0.97192127
       18    8.252976    5.30569267   -4.98449135    0.19095750      -0.27801427    0.95574677   -1.09255624
       19    8.147886    5.13667202   -4.95040417    0.39810500      -0.13849348    1.03797829   -1.24504888
       20    7.973523    4.88533020   -4.85605860    0.67688501      -0.04939368    1.02412343   -1.47927439
       21    7.840058    4.51960754   -4.69410181    1.07277548       0.11336133    1.11007142   -1.81912315
       22    7.877708    4.26887989   -4.70606518    1.26439452       0.12204245    1.23447573   -1.82947028
       23    7.843311    4.10153294   -4.78113842    1.33717000       0.27530569    1.24876654   -1.90594006
       24    7.919513    4.12672234   -4.83905840    1.38034499       0.36629060    1.26566625   -1.98271608
       25    7.937227    4.16799831   -4.83747673    1.37887597       0.29067636    1.23033535   -1.95992756
       26    7.828441    4.09799480   -4.77118015    1.37503600       0.36035779    1.24634278   -1.95722651
       27    7.710608    4.01592350   -4.77710438    1.28277051       0.45259431    1.28396487   -1.88260388
       28    7.567676    4.11742878   -4.66590071    1.24553895       0.35173506    1.15245962   -1.79353285
       29    7.435553    4.10505772   -4.54667091    1.21822405       0.30045697    1.08158684   -1.80422068
       30    7.177797    3.99947977   -4.38145638    1.20452595       0.31994522    1.04714012   -1.71303034
       31    6.988137    3.94402742   -4.32148504    0.98866999       0.22465146    1.01475573   -1.56570578
       32    6.680715    3.91176081   -4.22624063    0.78507453       0.28861749    0.90847695   -1.48196375
       33    6.233587    3.78456450   -4.15614080    0.58169794       0.52395260    0.81720769   -1.28694439
       34    5.919166    3.59414148   -4.02393532    0.41306299       0.50326663    0.73911858   -1.25916052
       35    5.503066    3.28172684   -3.86128211    0.31878656       0.63204801    0.75833893   -1.06758738
       36    5.003641    3.01946044   -3.67852545    0.17808199       0.73574686    0.61461735   -1.00090003
       37    4.525637    2.78656507   -3.41259623    0.09873044       0.80183607    0.51837778   -0.94514978
       38    3.991658    2.63554668   -3.06690121    0.00340092       0.76705861    0.35261285   -0.86205041
       39    3.340414    2.47189856   -2.60838795   -0.04501200       0.68020421    0.09765854   -0.83590156
       40    2.420877    2.22911596   -2.10962152   -0.24670291       0.85069275   -0.16830045   -0.68472636
       41    1.157098    1.85681200   -1.37557697   -0.49319899       1.02560067   -0.57079875   -0.47600627
       42    0.587086    1.39295292   -0.74372602   -0.73934758       1.04324698   -0.73785603   -0.26781675
       43    0.649476    1.54647398   -1.05271339   -0.60201359       1.04805219   -0.71805394   -0.35422838
       44    1.773473    2.04832792   -1.67901492   -0.45196497       0.85599685   -0.36860314   -0.53179240
       45    2.448110    2.34032488   -1.91302800   -0.34476292       0.54915631   -0.25121614   -0.49753922
       46    2.265422    2.31552052   -1.81735587   -0.28130591       0.63083345   -0.33432281   -0.58884466
       47    1.468125    2.13668799   -1.36519051   -0.43895257       0.84192848   -0.67320025   -0.45067129
       48    0.609413    1.60911703   -1.00656652   -0.60111094       1.06913447   -0.91410691   -0.33417609
       49    0.506613    1.27091897   -1.10772800   -0.55510998       1.10884798   -0.65806723   -0.38719678
       50    1.412162    1.74344444   -1.57114947   -0.49548399       0.82731199   -0.49746206   -0.44968671
       51    2.136134    2.18207693   -1.78154790   -0.30639994       0.60113585   -0.36499983   -0.54532659
       52    2.143826    2.23782206   -1.75154603   -0.23140705       0.58084238   -0.42983603   -0.55310369
       53    1.550217    1.97735953   -1.50371051   -0.21416795       0.76997626   -0.60421866   -0.58337450
       54    0.588252    1.43077946   -1.15645409   -0.50092149       1.03262460   -0.76719171   -0.31121814
       55    0.520402    1.29334700   -1.15948808   -0.55968904       1.11322832   -0.74544299   -0.30095628
       56    1.233563    1.77369404   -1.44094050   -0.52215850       0.86498439   -0.65173465   -0.25182927
       57    1.864466    2.14042258   -1.52649593   -0.39871049       0.57327008   -0.51987392   -0.31517810
       58    1.750042    2.03163600   -1.45088899   -0.19626153       0.57665300   -0.50645673   -0.42803845
       59    0.964935    1.53416085   -1.36611557   -0.21099102       0.94368911   -0.61968684   -0.37000880
       60    0.529301    1.31331754   -1.22372794   -0.33642250       1.23748016   -0.70213789   -0.28792393
       61    0.815564    1.59045839   -1.32977200   -0.39221251       1.06687808   -0.74437118   -0.17240638
       62    1.534787    2.00052786   -1.44427752   -0.29874152       0.75705922   -0.54472852   -0.28573215
       63    1.865857    2.11490154   -1.45430350   -0.35300049       0.58801383   -0.40633056   -0.12542762
       64    1.456917    1.94268060   -1.35656357   -0.24498802       0.72930050   -0.55078244   -0.27710533
       65    0.570885    1.46237302   -1.08155453   -0.27871600       1.02200949   -0.72306800   -0.21974899
       66    0.406277    1.40417302   -0.92479151   -0.25082600       1.05958939   -0.72247660   -0.17739882
       67    1.361210    1.87611389   -1.32735503   -0.08088900       0.86023629   -0.46351767   -0.35414958
       68    1.950239    2.21277046   -1.65621805   -0.15495498       0.76968551   -0.34496793   -0.19447663
       69    2.022146    2.20604587   -1.67952299   -0.29155150       0.79230452   -0.23380333   -0.30900362
       70    1.313534    1.89214706   -1.34587705   -0.37665701       1.02355170   -0.38364625   -0.16446301
       71    0.514752    1.47746015   -0.90184450   -0.36587501       1.16943991   -0.50944024   -0.23894003
       72    0.549508    1.62613213   -0.75440496   -0.35145551       1.10910344   -0.56930280   -0.33202201
       73    1.302074    2.05895281   -0.90704554   -0.57960701       0.88136768   -0.46951827   -0.23717636
       74    1.916612    2.31843114   -1.17656159   -0.47866708       0.66828454   -0.20605969   -0.38624120
       75    1.704810    2.09769344   -1.22256005   -0.33318055       0.73022354   -0.20906755   -0.42927849
       76    1.160878    1.92954957   -1.04514396   -0.28464055       1.06077552   -0.32557079   -0.55865586
       77    0.447760    1.66786456   -0.59051007   -0.53244305       1.22150898   -0.57772815   -0.49939641
       78    0.712563    1.72932303   -0.66537005   -0.68001902       1.09237278   -0.48622480   -0.41554284
       79    1.419664    2.07447338   -0.98769099   -0.65000552       0.87209117   -0.25876874   -0.45405579
       80    1.880583    2.33633590   -1.25690043   -0.50882101       0.76164329   -0.22900721   -0.52808601
       81    1.592189    2.18370438   -1.24340546   -0.53099799       0.96078306   -0.22454435   -0.49289697
       82    0.969639    1.82792497   -1.05028498   -0.41672647       1.17042124   -0.35130593   -0.55570877
       83    0.609975    1.73689497   -0.70734143   -0.55488300       1.17586315   -0.51275849   -0.41541857
       84    0.950693    1.94257140   -0.85218644   -0.69158697       1.12164819   -0.47602957   -0.39425069
       85    1.437397    2.13906717   -1.17101645   -0.62352991       1.01694369   -0.29370436   -0.43046504
       86    1.596225    2.20587254   -1.14393950   -0.47773302       0.85798025   -0.28902397   -0.49320289
       87    1.167857    2.00703192   -0.95192343   -0.41609454       0.98639268   -0.39443207   -0.52280861
       88    0.565212    1.67115498   -0.79673052   -0.53627801       1.20827079   -0.47805417   -0.47588152
       89    0.674680    1.69430256   -0.70853448   -0.61915404       1.11639667   -0.50677621   -0.33540815
       90    1.142858    1.87783003   -0.95405006   -0.44728047       0.91837674   -0.33325616   -0.46101910
       91    1.496240    1.96188295   -1.20305443   -0.44082400       0.89395767   -0.15675932   -0.38135231
       92    1.379646    2.05407190   -1.22159946   -0.36746353       1.01502299   -0.31734106   -0.44568208
       93    0.944381    1.92520404   -0.91977453   -0.41650200       1.12486327   -0.42172101   -0.47353280
       94    0.642791    1.76382589   -0.73163950   -0.60493004       1.17970240   -0.54978359   -0.40767896
       95    0.890449    1.86579061   -0.70627761   -0.65743750       1.06216872   -0.48202190   -0.34630907
       96    1.279875    2.00727844   -1.11907446   -0.46150851       1.05422568   -0.26605970   -0.41529167
       97    1.478866    2.05812502   -1.25712955   -0.32628849       0.98546880   -0.24994114   -0.47469378
       98    1.180918    1.92320204   -1.12411046   -0.40313452       1.07619071   -0.30124003   -0.40791059
       99    0.626439    1.72160101   -0.74302506   -0.48019698       1.15006793   -0.51956332   -0.35433739
      100    0.831225    1.75164390   -0.60173249   -0.68784994       1.03352678   -0.51526022   -0.27825841
      101    1.206617    1.94369948   -0.82057309   -0.67610747       0.92777365   -0.35136706   -0.22481436
      102    1.528506    2.01159239   -1.20775104   -0.36531797       0.92529190   -0.14099780   -0.50066245
      103    1.297483    1.90917599   -1.18085563   -0.22557902       1.10425079   -0.22616088   -0.57787907
      104    0.943950    1.86323404   -0.98167503   -0.40790749       1.16520596   -0.37104917   -0.58378792
      105    0.912453    1.94489956   -0.67269146   -0.63354200       1.08007073   -0.46235037   -0.43254733
      106    1.149285    2.01637793   -0.74391007   -0.65723854       0.96569258   -0.37544388   -0.37237117
      107    1.170276    1.94727457   -0.93938589   -0.60338598       1.05145133   -0.21595016   -0.39436948
      108    0.981316    1.85539246   -0.93527353   -0.43686303       1.12587500   -0.28441533   -0.52153206
      109    0.744527    1.73631346   -0.79652297   -0.48498601       1.14199317   -0.34870723   -0.50876331
      110    0.768786    1.75062752   -0.70447004   -0.59828252       1.10854816   -0.31259060   -0.43954796
      111    1.009877    1.94232941   -0.76576352   -0.58855700       1.06734622   -0.30510926   -0.38348854
      112    1.221830    2.00372791   -0.90735853   -0.59697896       1.06380796   -0.17200473   -0.33492118
      113    1.039964    1.90133345   -0.82033253   -0.54445648       1.05422080   -0.25445798   -0.33538544
      114    0.832137    1.85720396   -0.74853647   -0.45417300       1.16562867   -0.28589696   -0.44234318
      115    0.769200    1.83291852   -0.78144062   -0.38969952       1.20587373   -0.34146366   -0.45972908
      116    0.959005    1.90573549   -0.83033252   -0.53863752       1.11840749   -0.29150432   -0.44133013
      117    1.110039    1.98299956   -0.77818298   -0.56404048       1.00960541   -0.26919237   -0.40398371
      118    1.122580    1.95426440   -0.86585498   -0.45933303       1.00191033   -0.27319568   -0.50363368
      119    0.837228    1.80422640   -0.87563908   -0.48817497       1.18999410   -0.30674621   -0.49371856
      120    0.772080    1.73648345   -0.79228055   -0.60298252       1.13515460   -0.34654215   -0.41369963
      121    0.914253    1.77056456   -0.77726197   -0.70054799       1.04348695   -0.28596440   -0.44394714
      122    1.107376    1.94138145   -0.81027901   -0.71613950       0.98780650   -0.32932147   -0.42346984
      123    1.232485    2.06099415   -0.79019117   -0.52348852       0.95068008   -0.25566363   -0.54590529
      124    1.078953    1.85138106   -0.88596845   -0.37730551       0.99376339   -0.27202544   -0.60469538
      125    0.812277    1.66967654   -0.84336758   -0.59486651       1.14538133   -0.23634768   -0.46666723
      126    0.889258    1.78394294   -0.79837942   -0.68788600       1.08485293   -0.32215196   -0.41354901
      127    0.987387    1.91311860   -0.77672040   -0.57823247       1.05052066   -0.30163029   -0.50648421
      128    1.178689    1.95577693   -0.91823590   -0.52856404       0.97382677   -0.26698500   -0.49766862
      129    0.968633    1.86988139   -0.82470584   -0.51275402       1.05020535   -0.31027997   -0.55456007
      130    0.809244    1.81738198   -0.73621798   -0.54117155       1.12285018   -0.32184669   -0.56941527
      131    0.785166    1.78005004   -0.75618744   -0.74915946       1.13619626   -0.34352118   -0.57127023
      132    1.080990    1.91630793   -0.89237583   -0.78722447       1.08837736   -0.25280142   -0.51516634
      133    1.150668    1.88350356   -0.94337642   -0.67503643       0.96716166   -0.25258335   -0.59042150
      134    1.077992    1.80445242   -0.95501709   -0.60495955       1.08335495   -0.15377736   -0.61491865
      135    0.864722    1.80714893   -0.63239002   -0.74981999       1.00663745   -0.41816795   -0.50276768
      136    0.932408    1.89952850   -0.64502251   -0.72223151       1.04875970   -0.33818194   -0.49546027
      137    1.059160    1.93079710   -0.77690399   -0.69926000       1.02453017   -0.28223988   -0.46302405
      138    1.104703    1.92293096   -0.84238839   -0.67465699       1.08269095   -0.15811685   -0.45985898
      139    1.031327    1.94404459   -0.80515206   -0.52395648       1.13767099   -0.16433027   -0.47157371
      140    0.899391    1.91319346   -0.69856155   -0.53565401       1.13517714   -0.25756201   -0.44018847
      141    0.935577    1.94272852   -0.54339552   -0.70109397       1.11254835   -0.28246820   -0.35755143
      142    0.925862    1.92596412   -0.60822350   -0.64734149       1.11515296   -0.22004944   -0.42569476
      143    0.940216    1.87886858   -0.74877304   -0.60778499       1.16943729   -0.13991976   -0.50773132
      144    0.954315    1.88879704   -0.71245450   -0.58305097       1.12476206   -0.14557746   -0.50810122
      145    0.892872    1.91888189   -0.63325000   -0.61916900       1.14480639   -0.20095879   -0.51356751
      146    0.863808    1.91358304   -0.60344499   -0.63231707       1.22030663   -0.12074926   -0.45193928
      147    1.124546    2.02492499   -0.59506702   -0.72098804       1.04520917   -0.14557046   -0.40049958
      148    1.194885    2.10468912   -0.69213599   -0.61263657       1.08232617   -0.10969058   -0.40459219
      149    1.103313    2.02909803   -0.76283050   -0.68162954       1.14527678   -0.13296938   -0.48304954
      150    0.927977    1.91643298   -0.67269802   -0.69353151       1.18363774   -0.17943865   -0.40919501
      151    0.944417    2.04066539   -0.41936800   -0.48677349       1.10889006   -0.28821024   -0.56748915
      152    0.985678    2.04182148   -0.66459900   -0.35924602       1.20925033   -0.19508207   -0.59995413
      153    1.067670    1.96656060   -0.82741100   -0.69397902       1.16992581   -0.17024812   -0.42299899
      154    1.116685    1.94578803   -0.78778452   -0.70050704       1.13953650   -0.11013147   -0.32938612
      155    0.975456    1.91853046   -0.67559451   -0.48931301       1.07834053   -0.19680041   -0.36143744
      156    0.917412    1.93544853   -0.65499747   -0.30198455       1.10587394   -0.28031209   -0.41627589
      157    0.922952    1.94717550   -0.73824453   -0.45819402       1.14658237   -0.31658188   -0.27628225
      158    1.185772    2.01636147   -0.82623798   -0.36035699       1.03157902   -0.16652387   -0.32815373
      159    1.121340    1.98653948   -0.79717851   -0.42272949       1.03924167   -0.23382121   -0.21618950
      160    1.011019    1.89981902   -0.91769147   -0.38822800       1.15229619   -0.24084705   -0.31576455
      161    0.871443    1.85400546   -0.90449345   -0.27819401       1.20012772   -0.32842445   -0.27733192
      162    0.886001    1.91794443   -0.69275653   -0.19743149       1.11953723   -0.36305678   -0.39451665
      163    1.162133    2.06048489   -0.68123949   -0.20339999       0.93538886   -0.40348217   -0.29035956
      164    1.165353    1.97627950   -0.90994048   -0.35163549       1.05811083   -0.21372968   -0.17755181
      165    1.171510    1.94005203   -1.00329244   -0.30834502       1.10039723   -0.19457850   -0.19260046
      166    0.963372    1.85438347   -0.93283403   -0.20817500       1.25538516   -0.17838588   -0.21788889
      167    0.865228    1.93965483   -0.82816398   -0.32495302       1.31341350   -0.24218860   -0.21061072
      168    1.137541    2.22767949   -0.65851295   -0.22123051       1.12828076   -0.36839700   -0.18724425
      169    1.373305    2.39564300   -0.57708752   -0.06482148       1.06198621   -0.33447555   -0.28497237
      170    1.292070    2.28383946   -0.72944850   -0.14202452       1.08253479   -0.26775753   -0.25671247
      171    0.944496    1.92868304   -0.82021201   -0.27469397       1.26839054   -0.15491465   -0.15865099
      172    0.863995    1.87087405   -0.80136395   -0.24964398       1.26661754   -0.19772738   -0.11931778
      173    0.870026    1.99896801   -0.64107555   -0.17719048       1.21211576   -0.27009159   -0.19057807
      174    1.146210    2.16550231   -0.76574242   -0.14604145       1.15828919   -0.22119001   -0.19877404
      175    1.141039    2.16722989   -0.69658458   -0.22548503       1.13414419   -0.21214595   -0.22069193
      176    1.021085    2.11306286   -0.73666048   -0.19227049       1.25087440   -0.19013441   -0.16869663
      177    0.832371    1.93091297   -0.70769453   -0.10684749       1.30376267   -0.18067825   -0.25442314
      178    0.954293    1.97996747   -0.71348500   -0.30273598       1.21601069   -0.15863860   -0.16420752
      179    1.103668    2.05269289   -0.71841109   -0.40218851       1.15141308   -0.15844554   -0.09851782
      180    1.120580    2.06298685   -0.73622704   -0.21495248       1.08546364   -0.19175392   -0.27575818
      181    1.020689    2.10397553   -0.62352395   -0.24207401       1.14467120   -0.27765653   -0.19829874
      182    0.890026    2.05261898   -0.62988651   -0.26089099       1.22144508   -0.31589183   -0.20889917
      183    0.967030    1.95169437   -0.89654100   -0.26704299       1.28292918   -0.20342878   -0.18047102
      184    1.090714    2.01294255   -0.85362101   -0.25994647       1.18653095   -0.15054241   -0.14867024
      185    1.094607    2.11641288   -0.68416750   -0.27717799       1.12047446   -0.24773589   -0.15148602
      186    1.069429    2.12003207   -0.69926447   -0.23190701       1.14624715   -0.27175704   -0.11939822
      187    0.892829    1.96951187   -0.72053099   -0.10874355       1.18086445   -0.32123715   -0.23421717
      188    0.821656    1.85572398   -0.76082903   -0.13462302       1.16143823   -0.32275304   -0.16890544
      189    0.985905    1.95873189   -0.80096900   -0.19729801       1.12684202   -0.27634382   -0.12848273
      190    1.131242    2.09733105   -0.80121046   -0.18756649       1.09186649   -0.28282464   -0.18253505
      191    1.027624    2.02878857   -0.76050800   -0.24704050       1.11501503   -0.30050856   -0.14993101
      192    0.913100    1.93933868   -0.66223800   -0.31075251       1.12002492   -0.28056866   -0.18111876
      193    0.910484    1.95071650   -0.75737101   -0.17644700       1.19913125   -0.24553177   -0.22251382
      194    1.181859    2.10620260   -0.88316548   -0.07351650       1.16636944   -0.19138685   -0.26045477
      195    1.093564    2.06582212   -0.76782954   -0.15492550       1.12435555   -0.21965313   -0.24992794
      196    1.076409    2.00581884   -0.72137344   -0.31798550       1.08887744   -0.19672713   -0.11153427
      197    0.896437    1.93610489   -0.68239051   -0.35652301       1.16118097   -0.28922889   -0.13625875
      198    0.930557    2.08098888   -0.66815001   -0.25670600       1.18693078   -0.41025582   -0.24736860
      199    0.956983    2.01207137   -0.71705300   -0.21157150       1.14564955   -0.32104683   -0.30271989
      200    1.071873    1.98597240   -0.81397498   -0.24962750       1.10032296   -0.21148445   -0.28888744
