  N° Paso    Distancia        xCent1        yCent1        zCent1   |       xCent2        yCent2        zCent2 
        1    8.555563   -4.97073650    3.90442038    0.24550259       1.63143396   -1.52289855   -0.14591423
        2    8.841990   -5.10572958    3.94178438    0.12808990       1.79951906   -1.57572293   -0.10737473
        3    9.099895   -5.20442104    3.99339628    0.09101730       1.93878317   -1.64326847   -0.01258945
        4    9.113525   -5.30291176    4.01686621   -0.01264327       1.91339517   -1.54917681    0.00826263
        5    9.155005   -5.39982986    4.06613874   -0.07325961       1.88085532   -1.48261619    0.05738065
        6    9.307328   -5.46625900    4.09339809   -0.12326539       1.99407542   -1.46853244    0.06302083
        7    9.542547   -5.57398701    4.12088680   -0.21083955       2.10957742   -1.52828801    0.12062472
        8    9.617664   -5.64914322    4.14637280   -0.24799928       2.12929916   -1.49565101    0.15556484
        9    9.703638   -5.73697662    4.17157364   -0.30672079       2.12203360   -1.49738824    0.20261443
       10    9.831830   -5.83291435    4.19421053   -0.38932008       2.17322159   -1.47891247    0.22902170
       11   10.033209   -5.91152096    4.22051859   -0.42336178       2.27002263   -1.53915656    0.32080102
       12   10.189507   -6.00995350    4.24259377   -0.48953086       2.35405564   -1.51665163    0.34742388
       13   10.284007   -6.10085821    4.26413679   -0.56722832       2.40450358   -1.43968546    0.37406796
       14   10.364694   -6.20625019    4.29132175   -0.60769039       2.39520073   -1.39620614    0.43822947
       15   10.559917   -6.30623960    4.29446936   -0.69702691       2.49799848   -1.41754878    0.47348472
       16   10.779956   -6.41372776    4.32387638   -0.76576328       2.59572959   -1.45210934    0.52850103
       17   10.921125   -6.52224112    4.33658552   -0.82744420       2.64840245   -1.42012596    0.59752703
       18   11.060801   -6.63304520    4.34937525   -0.92560482       2.68874526   -1.37692702    0.70380867
       19   11.284065   -6.74192667    4.37679958   -0.99952281       2.79972601   -1.38457310    0.75933522
       20   11.512296   -6.85356998    4.37188673   -1.08108115       2.93603969   -1.36187744    0.87351441
       21   11.592469   -6.97312689    4.37269831   -1.19916570       2.94822145   -1.24170113    0.90575993
       22   11.741431   -7.07946777    4.36429214   -1.29528069       2.95808625   -1.26025355    1.04421043
       23   11.957788   -7.18321991    4.31126785   -1.40847480       3.14741039   -1.15370524    1.12151599
       24   12.193272   -7.27061844    4.27450466   -1.55575728       3.24390554   -1.23255587    1.23582435
       25   12.370579   -7.35377502    4.20698547   -1.67471564       3.37027287   -1.13541949    1.40501189
       26   12.500901   -7.42399311    4.10560608   -1.83259773       3.43515968   -1.03708529    1.61762810
       27   12.578174   -7.45985317    3.99429464   -2.01032925       3.51427150   -0.88010210    1.73390412
       28   12.743682   -7.46376657    3.77884626   -2.17289114       3.69461441   -0.77654505    1.96720302
       29   12.800798   -7.43348026    3.55148363   -2.36977530       3.76553965   -0.72263789    2.12180281
       30   12.905718   -7.39253616    3.33010983   -2.52777147       3.89494371   -0.64713722    2.30253601
       31   12.960556   -7.31599331    3.02739406   -2.65840125       4.03587008   -0.44600025    2.54224658
       32   13.072716   -7.25243902    2.82297802   -2.81445956       4.16263866   -0.35170940    2.70942140
       33   13.251343   -7.24029255    2.73665142   -2.98274136       4.24986744   -0.33415160    2.86058593
       34   13.421013   -7.25948715    2.71696019   -3.16575646       4.28146791   -0.33890152    2.96544766
       35   13.486482   -7.25396109    2.76457858   -3.31871152       4.22194576   -0.22664815    3.10323048
       36   13.658916   -7.22841501    2.78531218   -3.42178011       4.28640938   -0.28992414    3.25038242
       37   13.699876   -7.18608379    2.82199907   -3.50825071       4.28010702   -0.46707529    3.22933650
       38   13.710217   -7.10965967    2.90500283   -3.55744052       4.29764748   -0.47560513    3.25540709
       39   13.568173   -7.01537943    2.97895670   -3.55742121       4.15701294   -0.50732142    3.30689692
       40   13.312273   -6.85673285    3.06625605   -3.54168010       3.99733043   -0.53830463    3.27103424
       41   13.097793   -6.67444992    3.19851446   -3.50970721       3.90530586   -0.64114678    3.18939233
       42   12.731687   -6.47006989    3.34098005   -3.48496747       3.62144232   -0.74001986    3.11826253
       43   12.357281   -6.16311550    3.45528531   -3.46267653       3.46528840   -0.75202370    3.04076767
       44   11.924364   -5.77870846    3.51570129   -3.40772367       3.21156001   -0.79905188    3.13050556
       45   11.456437   -5.41658497    3.57665753   -3.34057665       3.00929260   -0.92317724    2.98445559
       46   11.058938   -5.04109097    3.70132565   -3.26392174       2.76742721   -1.01183069    2.99014187
       47   10.511152   -4.69552946    3.82402658   -3.11583376       2.42462158   -1.10153151    2.84458923
       48   10.061498   -4.37376833    3.96428871   -2.94534826       2.22392416   -1.18556511    2.63884354
       49    9.564477   -4.04344654    4.05220318   -2.75038671       1.94990754   -1.26710355    2.47109842
       50    9.016933   -3.65088701    4.02983189   -2.55946040       1.73126698   -1.32535851    2.30463696
       51    8.402511   -3.27836466    4.01498127   -2.31145906       1.51560724   -1.34691834    2.03250885
       52    7.755644   -2.87837553    3.94328952   -2.07226396       1.19019330   -1.31767714    1.91759753
       53    7.043501   -2.48583269    3.84082651   -1.75616682       0.95651412   -1.27685273    1.64538038
       54    6.387997   -2.06512022    3.71402240   -1.42075622       0.71344423   -1.34194171    1.32210839
       55    5.664924   -1.70840013    3.48358297   -1.11311316       0.53720766   -1.21188128    1.12322986
       56    4.932091   -1.43649757    3.18040633   -0.82063836       0.37913626   -1.10185254    0.81986690
       57    4.199745   -1.05917716    2.86876726   -0.44170484       0.28561926   -0.99362129    0.51293540
       58    3.296783   -0.72420919    2.39762735   -0.07350431       0.15297320   -0.77184212    0.15842837
       59    2.169908   -0.67138606    1.73610342    0.06589659       0.13822319   -0.27668113    0.02430364
       60    1.244233   -0.62314069    0.95305043    0.21743567       0.23004068    0.17356265   -0.24364698
       61    0.955657   -0.47123942    0.84220850    0.01999338       0.18052495    0.14747657   -0.05636185
       62    1.630459   -0.64844900    1.29730356   -0.11749923       0.21818274   -0.08300519   -0.07175046
       63    2.202924   -0.91076279    1.58467197   -0.06430559       0.42831334   -0.16453284   -0.07004514
       64    2.488512   -0.89323461    1.68949378   -0.01327496       0.40803626   -0.42832771   -0.13251674
       65    2.219124   -0.83141690    1.55727029    0.10330164       0.39913797   -0.24844822   -0.28351399
       66    1.600008   -0.80222118    1.09594882    0.06555660       0.36114913    0.04832099   -0.26470408
       67    1.101416   -0.57692152    0.86241591   -0.06768622       0.19002493    0.08459806   -0.20878622
       68    1.178514   -0.51839352    0.93575144   -0.26780248       0.26901117    0.08534526   -0.05403072
       69    1.644879   -0.65756869    1.20870376   -0.26383585       0.30640244   -0.11926085   -0.15027067
       70    2.072657   -0.90703678    1.36436915   -0.16179292       0.51668608   -0.14100750   -0.21432292
       71    2.010138   -0.94244444    1.31481493   -0.14918163       0.48236898   -0.09989726   -0.24484849
       72    1.653979   -0.67372125    1.16436207   -0.15862799       0.38612509   -0.10125563   -0.26151285
       73    1.238660   -0.53374684    0.91311949   -0.31342450       0.33917862    0.04578568   -0.17196631
       74    1.232028   -0.49355394    0.93938172   -0.46187645       0.25051656    0.02692756   -0.09899840
       75    1.606100   -0.71860957    1.15889990   -0.20739932       0.34103787   -0.04803030   -0.21233800
       76    2.014241   -0.88245285    1.31179404    0.00602095       0.38740993   -0.19446167   -0.41327518
       77    2.053620   -0.96376431    1.23301244   -0.13920256       0.53588891   -0.16201916   -0.28847885
       78    1.814739   -0.84071004    1.10825229   -0.33269852       0.48738348   -0.11271426   -0.13600934
       79    1.348397   -0.55020618    0.95678979   -0.41992110       0.28345525   -0.03038165   -0.03433761
       80    0.996583   -0.45784760    0.84526473   -0.22766295       0.19361864    0.09188725   -0.19313467
       81    1.499883   -0.63384151    1.06633067    0.03863917       0.31184563   -0.04121378   -0.32006845
       82    1.941327   -0.77452576    1.26632452    0.00808938       0.43494904   -0.22422042   -0.28207716
       83    1.923176   -0.87665272    1.20104277   -0.09718716       0.48395821   -0.15630271   -0.16758466
       84    1.769427   -0.85352945    1.07038665   -0.29421818       0.48118636   -0.05510874   -0.00670218
       85    1.395514   -0.65386885    0.93028009   -0.19510058       0.41977194    0.05128172   -0.04638043
       86    1.296269   -0.50750554    0.89081413    0.18844204       0.34014016    0.01189487   -0.24665558
       87    1.547262   -0.65449750    0.99320507    0.24799886       0.40613967    0.00948861   -0.30097422
       88    1.772361   -0.86373079    1.12046683    0.11589079       0.47122961   -0.02450514   -0.10361394
       89    1.769739   -0.93013525    1.15234649    0.05623894       0.43668735    0.03890368   -0.09873542
       90    1.578122   -0.75628072    1.14037085   -0.00976826       0.40494716    0.07474723    0.07062882
       91    1.422591   -0.61203623    1.05627239    0.04663395       0.43061161    0.08931890    0.08726948
       92    1.310573   -0.54558372    0.96891165    0.23819260       0.40660650    0.12528756   -0.07681963
       93    1.368436   -0.57399929    0.92608327    0.28304148       0.46240479    0.10186756   -0.06214243
       94    1.687687   -0.83653867    0.93998528    0.33838803       0.59922856    0.15991694   -0.08393034
       95    1.934276   -0.96069729    1.02996528    0.39878744       0.69254255    0.14764942   -0.08052638
       96    1.756912   -0.84297621    1.15756369    0.26570258       0.48922947    0.04123392    0.00923738
       97    1.590287   -0.65059674    1.18031538    0.24017063       0.43267405    0.01813090    0.17043519
       98    1.298169   -0.46090841    1.03860247    0.33789331       0.29791707    0.02508561    0.05117160
       99    1.231306   -0.54924393    0.96387607    0.28718391       0.36454910    0.14898106    0.15663451
      100    1.567619   -0.78947544    0.89444888    0.27231884       0.53315312    0.06506743    0.13015637
      101    1.764476   -0.80090493    0.94435614    0.31958124       0.62569606   -0.06785715    0.08804017
      102    1.621832   -0.68713367    1.02187586    0.36670640       0.47167930   -0.07259987    0.06735134
      103    1.398362   -0.42385873    1.01747262    0.46552935       0.24772280   -0.09713729   -0.04636788
      104    1.341982   -0.41786098    1.01977003    0.35705131       0.25428161   -0.09248938    0.02235928
      105    1.530055   -0.64616722    1.04410815    0.26103008       0.32574695   -0.12174433    0.06805530
      106    1.783516   -0.80681247    1.18084490    0.29990929       0.41022196   -0.11008520    0.11754408
      107    1.810399   -0.79993373    1.20547819    0.38119251       0.38039052   -0.14056447    0.11184660
      108    1.689854   -0.62873870    1.12771440    0.41684484       0.37910312   -0.15107062   -0.03544974
      109    1.421875   -0.56942284    0.98600692    0.23763916       0.26193550   -0.16433130    0.15223584
      110    1.400247   -0.58135515    0.90297186    0.21991479       0.27993441   -0.19500516    0.10451585
      111    1.437361   -0.52037179    0.96212292    0.33834949       0.17048508   -0.27511498    0.09758928
      112    1.620159   -0.60451782    1.13214266    0.29681540       0.12711248   -0.30095002    0.10739899
      113    1.706816   -0.79760277    1.20272374    0.29317945       0.08271893   -0.24888104    0.11683586
      114    1.534611   -0.83294839    1.03784966    0.25898236       0.16501880   -0.11260580    0.07044891
      115    1.470093   -0.75715369    0.89625788    0.15676191       0.24883285   -0.17272493    0.07650465
      116    1.438642   -0.68173301    0.91617072    0.16981259       0.22651470   -0.19826730    0.11684513
      117    1.440805   -0.69969523    0.97186249    0.18154620       0.11710285   -0.19873257   -0.01458454
      118    1.452764   -0.83546907    0.93794906    0.13136367       0.17366314   -0.10706252    0.12007052
      119    1.511353   -0.91422844    0.80455339    0.11509820       0.27216697   -0.11806561   -0.04435933
      120    1.508728   -0.87944651    0.83369148   -0.07730791       0.23288208   -0.17177412    0.09009892
      121    1.513741   -0.96484530    0.81599951    0.00830098       0.22981434   -0.10721046   -0.10071474
      122    1.493690   -0.87067938    0.85783494    0.12075839       0.20028059   -0.15749300   -0.11003393
      123    1.515505   -0.72070128    0.97158587   -0.00176700       0.21129805   -0.22246146   -0.05058888
      124    1.632827   -0.82689494    0.94905508   -0.08597330       0.25348723   -0.27140811    0.01081401
      125    1.594460   -0.95762742    0.84396094   -0.15228650       0.29999316   -0.10295323    0.10078773
      126    1.496225   -0.97786731    0.83546525   -0.09488113       0.19235849   -0.09514552   -0.03810197
      127    1.517578   -0.87595332    0.87774336   -0.02815810       0.20230877   -0.18851253   -0.08724752
      128    1.530823   -0.87055856    0.84251940   -0.04697980       0.23593050   -0.20731762   -0.17714593
      129    1.626188   -0.92294800    0.93442047   -0.13155559       0.19920695   -0.24219215   -0.10261536
      130    1.606858   -1.03744864    0.84063351   -0.17587562       0.20155495   -0.17772585   -0.07684979
      131    1.544568   -1.06905711    0.59392345   -0.23465602       0.26730248   -0.12866068    0.04410303
      132    1.468987   -1.07395577    0.54230154   -0.21837060       0.24692515   -0.07361646   -0.03441301
      133    1.462194   -1.06390321    0.69227326   -0.20313402       0.10650567   -0.17006658   -0.04653504
      134    1.498335   -1.12813568    0.69113499   -0.15058002       0.09925806   -0.16786321   -0.12540889
      135    1.589521   -1.18029881    0.50055671   -0.17949511       0.22834522   -0.23437676   -0.13288638
      136    1.549759   -1.10074878    0.34663433   -0.22211809       0.35023928   -0.18890989   -0.12425092
      137    1.543897   -1.18717408    0.33570647   -0.17763351       0.24904002   -0.22795752   -0.12115622
      138    1.395167   -1.12540317    0.47271952   -0.27206391       0.10465365   -0.17027679   -0.13062155
      139    1.464368   -1.14766276    0.54166710   -0.25462732       0.06079856   -0.28039169   -0.16399956
      140    1.532756   -1.19844055    0.51907700   -0.24262933       0.09526281   -0.30270171   -0.22382671
      141    1.678957   -1.30536389    0.44583464   -0.10939864       0.16649312   -0.30309600   -0.41211352
      142    1.778332   -1.40691543    0.43179598   -0.09069371       0.16462748   -0.33609319   -0.41172919
      143    1.520262   -1.25545645    0.38096017   -0.30442938       0.10379511   -0.29729515   -0.36445090
      144    1.409919   -1.05639625    0.43998107   -0.34509355       0.03310944   -0.45233962   -0.27716854
      145    1.514738   -1.16374731    0.47006959   -0.26668715       0.07809473   -0.39074671   -0.37277946
      146    1.682469   -1.30434525    0.56701028   -0.27914345      -0.02551270   -0.51794034   -0.41394278
      147    1.630189   -1.30680871    0.50579184   -0.21831393       0.03191879   -0.40907687   -0.38665700
      148    1.527780   -1.23744357    0.33073047   -0.35466701       0.07555445   -0.44899997   -0.30811501
      149    1.440779   -1.00647390    0.44688311   -0.46937570      -0.04607064   -0.59404796   -0.20493063
      150    1.443186   -1.05463576    0.52194768   -0.27977267      -0.10371145   -0.55842543   -0.38617766
      151    1.658934   -1.25599861    0.49286413   -0.20873806      -0.04477483   -0.62606370   -0.39039925
      152    1.735922   -1.27328324    0.41637078   -0.25965431       0.12319057   -0.60812819   -0.37665278
      153    1.547220   -1.28340065    0.30438221   -0.33610657      -0.04794158   -0.62099326   -0.23022956
      154    1.384948   -1.31628418    0.28392923   -0.27973920      -0.12757669   -0.42646569   -0.29956761
      155    1.352752   -1.27628922    0.37845439   -0.37658125      -0.32251406   -0.55432379   -0.15257931
      156    1.685189   -1.28438032    0.58372980   -0.30844802      -0.17403287   -0.68057191   -0.21608114
      157    1.929420   -1.29123044    0.64552420   -0.27620310      -0.07244672   -0.84489244   -0.15016264
      158    1.845605   -1.36765981    0.51657701   -0.14630392       0.00423377   -0.71648037   -0.20743063
      159    1.382130   -1.22914648    0.35181075   -0.13228387      -0.17161402   -0.53175807   -0.23817736
      160    1.135304   -1.05763304    0.21994166   -0.10763459      -0.16065133   -0.47586900   -0.09401172
      161    1.221265   -1.07636607    0.30430326   -0.15568732      -0.14910868   -0.49043643   -0.16414514
      162    1.713610   -1.12448359    0.62479341   -0.23954150      -0.16114178   -0.75202751    0.09630996
      163    2.048684   -1.28834796    0.81016988   -0.16994987      -0.00421759   -0.77856052   -0.01485947
      164    1.872753   -1.33912528    0.66144454   -0.05315199      -0.03635584   -0.67315048    0.11670670
      165    1.451731   -1.24371171    0.42514640    0.11339980      -0.07567900   -0.41839844   -0.06451440
      166    1.235055   -1.14533556    0.22283928   -0.11781228      -0.07619274   -0.30486956    0.20439637
      167    1.410670   -1.12894297    0.42600489   -0.22495472      -0.11438397   -0.41390619    0.28022796
      168    1.938472   -1.33503389    0.70846224   -0.07671669       0.04637598   -0.63288873    0.14724112
      169    2.122259   -1.38485587    0.72046024   -0.00836748       0.13219333   -0.72945547    0.30831945
      170    1.780456   -1.25588644    0.60240185    0.21767326      -0.01905835   -0.65895164   -0.00428993
      171    1.300035   -1.16250932    0.39099845    0.16148338      -0.18757004   -0.46646872    0.22731513
      172    1.262043   -1.16652715    0.28705001   -0.00306574      -0.14006357   -0.39065501    0.27949360
      173    1.607989   -1.28233397    0.40135407    0.03968450      -0.02157021   -0.55692446    0.31862107
      174    1.951018   -1.37707675    0.53016281    0.16003332       0.12763746   -0.71008432    0.22402710
      175    1.905412   -1.36837745    0.47702307    0.40260354       0.07816313   -0.70306891    0.02116090
      176    1.471029   -1.34314656    0.33253440    0.30710217      -0.12279420   -0.45614821    0.07765436
      177    1.107905   -1.18040419    0.20151934    0.17877518      -0.23380733   -0.37348929    0.20656106
      178    1.239712   -1.13484621    0.20947830    0.06492708      -0.12649098   -0.46380520    0.32337293
      179    1.613288   -1.27549720    0.35479298    0.04608651      -0.00229511   -0.61884898    0.22959268
      180    1.901882   -1.37496924    0.49905795    0.10090361       0.03996953   -0.76171112    0.26079342
      181    1.762433   -1.37697577    0.51079482    0.19488905      -0.06459251   -0.65679240    0.05149940
      182    1.363790   -1.25373781    0.27666286    0.21910267      -0.17548294   -0.54698491    0.08164462
      183    1.218945   -1.20975602    0.07830791    0.08604135      -0.09078056   -0.40369567    0.12337139
      184    1.498492   -1.30732882    0.32478765   -0.02592877      -0.15456298   -0.61585158    0.15242007
      185    1.868121   -1.38348556    0.58333343   -0.15503848      -0.07265902   -0.67952240    0.26544407
      186    1.953436   -1.32023609    0.70423973   -0.15985397      -0.05125724   -0.74055159    0.18392304
      187    1.586848   -1.24908483    0.45971861   -0.07791629      -0.10939822   -0.63030982    0.09826311
      188    1.154383   -1.16415703    0.09671269   -0.06529959      -0.11381353   -0.36694828    0.05468434
      189    1.173814   -1.19894862    0.15394214   -0.08203844      -0.19345963   -0.43803382    0.04600984
      190    1.687169   -1.29762077    0.48045665   -0.21794310      -0.09342045   -0.64647436    0.13767821
      191    2.111887   -1.36401689    0.67997110   -0.29899979       0.01103283   -0.85286081    0.16975439
      192    1.973356   -1.41143727    0.54211414   -0.27466318       0.07424843   -0.70564157    0.08585972
      193    1.367984   -1.23414087    0.23574820   -0.18936281      -0.06763871   -0.46431836   -0.04597232
      194    1.096282   -1.00463271    0.23947906   -0.29711467      -0.17127460   -0.41991830   -0.02777490
      195    1.465024   -1.07894576    0.55349410   -0.25183249      -0.18018278   -0.59381413   -0.10282010
      196    1.984000   -1.33138883    0.81774580   -0.31586638      -0.04478352   -0.67852557   -0.11074460
      197    2.141908   -1.48066258    0.87521333   -0.35969579      -0.00317512   -0.65406126   -0.10255978
      198    1.876216   -1.37412858    0.60157537   -0.29960933       0.03585032   -0.63351554   -0.21777800
      199    1.337433   -1.06905150    0.29890060   -0.30115271       0.02283648   -0.46815786   -0.21099538
      200    1.166915   -0.96074426    0.35727343   -0.20139582      -0.15305430   -0.47192937   -0.34887195
