Frame DE_Pauli DE_Elstat DE_Orb	DE_Disp	DE_int
1	-0.05	0.89	-0.06	-1.70	-0.92
2	-0.05	-0.37	-0.06	-1.56	-2.04
3	-0.04	0.81	-0.04	-1.38	-0.65
4	-0.04	1.45	-0.04	-1.38	-0.01
5	-0.03	-0.08	-0.04	-1.28	-1.43
6	-0.03	-0.66	-0.05	-1.25	-1.99
7	-0.03	-0.01	-0.04	-1.18	-1.26
8	-0.03	-0.12	-0.03	-1.11	-1.29
9	-0.02	0.53	-0.04	-1.08	-0.61
10	-0.02	-0.12	-0.03	-1.05	-1.22
11	-0.02	-0.88	-0.03	-0.95	-1.88
12	-0.02	-0.84	-0.03	-0.95	-1.84
13	-0.02	-0.64	-0.04	-0.94	-1.64
14	-0.03	-0.84	-0.04	-0.95	-1.86
15	-0.02	-0.31	-0.03	-0.86	-1.22
16	-0.01	0.03	-0.02	-0.76	-0.76
17	-0.02	-0.08	-0.03	-0.79	-0.92
18	-0.03	0.14	-0.05	-0.81	-0.75
19	-0.04	-0.45	-0.05	-0.83	-1.37
20	-0.06	0.20	-0.05	-0.87	-0.78
21	-0.12	0.96	-0.14	-1.01	-0.31
22	-0.17	1.06	-0.30	-1.10	-0.51
23	-0.15	-0.23	-0.18	-1.03	-1.59
24	-0.13	-0.66	-0.18	-1.01	-1.98
25	-0.17	-0.31	-0.23	-1.17	-1.88
26	-0.35	0.36	-0.89	-1.86	-2.74
27	0.38	-0.53	-2.01	-2.92	-5.08
28	4.15	-3.21	-3.73	-4.28	-7.07
29	5.56	-5.15	-4.07	-4.87	-8.53
30	7.55	-6.96	-4.87	-5.77	-10.05
31	25.13	-17.11	-10.60	-8.76	-11.34
32	23.62	-16.72	-10.47	-9.74	-13.31
33	28.56	-20.14	-11.09	-10.25	-12.92
34	31.42	-22.27	-11.45	-9.85	-12.15
35	12.10	-10.52	-6.87	-8.23	-13.52
36	10.95	-10.62	-6.34	-7.91	-13.92
37	29.62	-20.50	-11.00	-9.58	-11.46
38	16.93	-13.75	-7.84	-8.63	-13.29
39	8.36	-8.62	-5.79	-7.60	-13.65
40	26.55	-18.69	-9.89	-9.22	-11.25
41	16.85	-13.79	-7.54	-8.50	-12.98
42	5.60	-6.34	-5.82	-8.01	-14.57
43	12.17	-11.93	-7.95	-9.82	-17.53
44	29.40	-20.17	-13.69	-12.88	-17.34
45	24.66	-19.60	-12.51	-13.91	-21.36
46	31.82	-24.54	-13.70	-14.21	-20.63
47	34.68	-28.36	-15.20	-15.89	-24.77
48	23.29	-19.46	-12.30	-14.83	-23.30
49	31.83	-26.49	-15.08	-16.54	-26.28
50	55.74	-42.13	-21.19	-20.82	-28.40
51	35.88	-30.75	-15.87	-18.86	-29.60
52	45.89	-39.11	-17.97	-21.76	-32.95
53	35.80	-32.52	-16.82	-23.57	-37.11
54	45.79	-38.02	-19.33	-24.28	-35.84
55	58.97	-47.72	-24.07	-29.04	-41.86
56	63.03	-54.79	-26.76	-32.79	-51.31
57	75.93	-63.55	-30.77	-38.61	-57.00
58	123.69	-94.67	-43.98	-48.70	-63.66
59	80.51	-76.62	-40.24	-57.23	-93.58
60	232.29	-161.96	-78.67	-76.86	-85.20
61	231.49	-163.49	-81.88	-80.82	-94.70
62	135.14	-112.72	-54.80	-68.17	-100.55
63	63.69	-61.18	-35.72	-53.78	-86.99
64	65.36	-61.84	-33.67	-49.73	-79.88
65	81.61	-69.15	-40.67	-54.37	-82.58
66	163.58	-125.63	-61.67	-68.79	-92.51
67	176.38	-137.06	-66.23	-75.53	-102.44
68	199.01	-144.15	-73.59	-76.46	-95.19
69	119.87	-96.58	-52.58	-63.64	-92.93
70	63.31	-59.60	-36.24	-52.59	-85.12
71	131.98	-103.12	-52.47	-60.99	-84.60
72	138.25	-110.90	-56.28	-64.99	-93.92
73	168.15	-125.90	-66.37	-73.10	-97.22
74	196.14	-146.44	-72.18	-73.15	-95.63
75	89.37	-81.62	-43.38	-60.23	-95.86
76	87.51	-75.63	-41.28	-55.51	-84.91
77	115.96	-92.46	-48.78	-58.87	-84.15
78	99.39	-82.26	-46.50	-59.63	-89.00
79	152.30	-124.97	-60.24	-70.84	-103.75
80	258.24	-181.44	-85.86	-80.97	-90.03
81	137.19	-110.87	-56.21	-67.62	-97.51
82	84.87	-76.90	-43.62	-59.84	-95.49
83	153.47	-111.25	-59.46	-63.85	-81.09
84	111.62	-91.35	-49.90	-60.01	-89.64
85	141.45	-115.09	-57.03	-68.13	-98.80
86	204.61	-147.23	-71.68	-72.89	-87.19
87	147.10	-114.22	-58.56	-68.68	-94.36
88	109.87	-94.67	-49.70	-64.88	-99.38
89	119.19	-98.09	-51.59	-63.86	-94.35
90	137.66	-108.68	-57.36	-66.65	-95.03
91	148.46	-115.86	-59.93	-69.46	-96.79
92	155.46	-118.22	-63.29	-71.45	-97.50
93	181.19	-135.72	-69.51	-73.35	-97.39
94	148.20	-114.12	-59.93	-68.74	-94.59
95	99.68	-86.37	-46.77	-62.60	-96.06
96	106.84	-91.67	-47.62	-63.32	-95.77
97	103.79	-88.25	-49.99	-64.92	-99.37
98	153.84	-116.97	-62.69	-70.95	-96.77
99	141.91	-109.93	-58.87	-70.82	-97.71
100	127.11	-97.97	-54.54	-67.12	-92.52
101	101.58	-87.36	-48.38	-62.80	-96.96
102	111.87	-91.60	-50.87	-64.10	-94.70
103	158.61	-118.09	-65.00	-69.71	-94.19
104	130.50	-105.30	-56.54	-69.10	-100.44
105	156.45	-116.50	-60.22	-68.95	-89.22
106	74.02	-68.49	-40.26	-58.42	-93.15
107	104.06	-87.04	-48.03	-60.38	-91.39
108	146.56	-112.11	-58.00	-66.92	-90.47
109	135.22	-103.86	-58.39	-67.91	-94.94
110	124.18	-102.21	-54.00	-67.49	-99.52
111	155.13	-118.61	-60.29	-71.04	-94.81
112	135.07	-105.51	-56.94	-67.60	-94.98
113	139.25	-113.22	-56.31	-67.17	-97.45
114	136.78	-110.76	-56.06	-66.89	-96.93
115	138.37	-106.40	-57.82	-67.58	-93.43
116	175.39	-131.60	-65.49	-70.70	-92.40
117	146.41	-116.06	-57.04	-68.55	-95.24
118	139.27	-111.01	-56.96	-66.11	-94.81
119	176.27	-131.44	-64.85	-70.05	-90.07
120	151.82	-115.01	-60.59	-67.96	-91.74
121	130.16	-106.12	-54.60	-65.91	-96.47
122	143.65	-115.24	-55.70	-68.12	-95.41
123	181.87	-131.66	-68.23	-70.29	-88.31
124	126.26	-99.37	-54.08	-65.39	-92.58
125	129.63	-107.42	-55.75	-65.85	-99.39
126	153.30	-125.03	-60.61	-68.96	-101.30
127	139.13	-109.45	-57.77	-65.81	-93.90
128	174.67	-128.36	-67.08	-70.73	-91.50
129	144.79	-111.07	-59.27	-66.11	-91.66
130	119.44	-96.17	-52.56	-63.72	-93.01
131	191.01	-138.76	-68.26	-70.14	-86.15
132	153.98	-114.98	-61.38	-68.58	-90.96
133	119.68	-100.07	-51.02	-65.11	-96.52
134	102.96	-88.50	-48.98	-63.48	-98.00
135	124.26	-96.95	-52.73	-64.72	-90.14
136	196.58	-136.98	-69.45	-71.98	-81.83
137	112.84	-91.82	-51.47	-65.97	-96.42
138	174.21	-128.63	-68.38	-71.32	-94.12
139	99.55	-84.66	-47.83	-64.25	-97.19
140	118.52	-90.16	-53.04	-64.93	-89.61
141	135.65	-105.88	-55.15	-65.95	-91.33
142	92.94	-80.05	-45.63	-61.89	-94.63
143	141.24	-112.16	-57.05	-68.75	-96.72
144	163.64	-120.46	-62.77	-70.75	-90.34
145	125.39	-99.94	-54.92	-65.91	-95.38
146	105.46	-90.78	-49.23	-62.94	-97.49
147	139.14	-106.75	-57.36	-63.85	-88.82
148	152.40	-111.70	-62.36	-67.87	-89.53
149	145.41	-111.01	-60.75	-67.96	-94.31
150	140.73	-112.29	-58.62	-68.93	-99.11
151	125.31	-101.16	-53.40	-64.59	-93.84
152	121.20	-95.95	-53.37	-63.23	-91.35
153	169.32	-121.28	-66.14	-68.21	-86.31
154	145.68	-113.11	-59.25	-68.66	-95.34
155	157.28	-120.09	-62.31	-71.04	-96.16
156	143.51	-112.38	-57.78	-65.64	-92.29
157	110.00	-92.46	-49.01	-61.76	-93.23
158	105.01	-88.10	-46.57	-60.64	-90.30
159	140.55	-111.07	-57.86	-69.44	-97.82
160	192.84	-146.18	-72.17	-76.95	-102.46
161	159.79	-121.37	-64.52	-72.57	-98.67
162	143.85	-112.24	-57.29	-66.91	-92.59
163	100.04	-83.70	-46.77	-59.35	-89.78
164	84.10	-73.29	-42.68	-58.87	-90.74
165	151.41	-114.74	-60.98	-67.50	-91.81
166	184.76	-134.38	-70.60	-72.35	-92.57
167	134.63	-107.75	-56.14	-68.83	-98.09
168	94.37	-81.76	-45.20	-59.60	-92.19
169	78.66	-69.22	-41.22	-56.84	-88.62
170	148.80	-109.95	-58.04	-64.91	-84.10
171	177.29	-131.30	-65.64	-70.43	-90.08
172	158.64	-123.45	-61.19	-71.91	-97.91
173	152.00	-116.17	-60.12	-67.85	-92.14
174	113.12	-88.80	-50.59	-59.98	-86.25
175	107.45	-87.19	-48.62	-59.75	-88.11
176	162.17	-125.42	-64.59	-70.37	-98.21
177	178.87	-139.25	-67.97	-75.44	-103.79
178	154.48	-119.08	-64.39	-71.76	-100.75
179	157.04	-117.41	-63.17	-67.27	-90.81
180	105.63	-84.52	-49.01	-59.44	-87.34
181	103.01	-82.90	-48.08	-58.58	-86.55
182	171.75	-131.27	-65.14	-70.54	-95.20
183	207.76	-150.35	-74.53	-74.71	-91.83
184	125.85	-101.09	-54.78	-67.29	-97.31
185	98.24	-85.60	-44.86	-59.34	-91.56
186	101.68	-86.62	-45.29	-60.10	-90.33
187	124.18	-100.23	-51.35	-63.22	-90.62
188	183.61	-136.35	-68.29	-73.23	-94.26
189	187.70	-133.59	-71.82	-73.46	-91.17
190	152.80	-117.31	-61.64	-66.58	-92.73
191	96.48	-81.84	-46.89	-59.32	-91.57
192	81.01	-71.73	-41.72	-56.59	-89.03
193	141.96	-107.27	-57.98	-67.38	-90.67
194	203.39	-147.06	-71.79	-76.13	-91.59
195	136.82	-104.75	-58.62	-68.65	-95.20
196	79.87	-75.09	-41.27	-56.28	-92.77
197	70.89	-63.52	-38.38	-53.63	-84.64
198	72.46	-64.89	-40.26	-56.27	-88.96
199	205.25	-142.53	-73.52	-73.34	-84.14
200	210.24	-147.45	-75.56	-76.12	-88.89